102034050607
102034500607
123400000567
123400050067
123400056007
120034560007
100234000567
123004000567
100023456007
123400500607
123450000607
123400050607
123405000607
123040050607
123045000607
123000045607
120345000607
102340000567
102340560007
102345600007
102345060007
102003004567
102000345067
102000034567
100002345607
120340050607
102003400567
100200345607
123004005607
123004500607
123004050607
123004050067
120304050607
102030400567
102030040567
102030045067
102030004567
102034000567
102034560007
102034005067
102034506007
102034500067
120034500607
100234500607
120034005607
102340050067
102304056007
102304050067
120034056007
120034050067
100234056007
100234050067
120034050607
100234050607
102340005607
102300045607
102003045607
102000345607
102340500607
102345000607
102304005607
102304500607
102340050607
102304050607
102034056007
102034050067
