1234000005678
1234000056708
1234000567008
1234005670008
1234056700008
1234567000008
1234000056078
1234000560708
1234005607008
1234056070008
1234560700008
1234000560078
1234005600708
1234056007008
1234560070008
1234005600078
1234056000708
1234560007008
1234056000078
1234560000708
1234560000078
1234000050678
1234000506708
1234005067008
1234050670008
1234506700008
1234000506078
1234005060708
1234050607008
1234506070008
1234005060078
1234050600708
1234506007008
1234050600078
1234506000708
1234506000078
1234000500678
1234005006708
1234050067008
1234500670008
1234005006078
1234050060708
1234500607008
1234050060078
1234500600708
1234500600078
1234005000678
1234050006708
1234500067008
1234050006078
1234500060708
1234500060078
1234050000678
1234500006708
1234500006078
1234500000678
1230400005678
1230400056708
1230400567008
1230405670008
1230456700008
1230400056078
1230400560708
1230405607008
1230456070008
1230400560078
1230405600708
1230456007008
1230405600078
1230456000708
1230456000078
1230400050678
1230400506708
1230405067008
1230450670008
1230400506078
1230405060708
1230450607008
1230405060078
1230450600708
1230450600078
1230400500678
1230405006708
1230450067008
1230405006078
1230450060708
1230450060078
1230405000678
1230450006708
1230450006078
1230450000678
1230040005678
1230040056708
1230040567008
1230045670008
1230040056078
1230040560708
1230045607008
1230040560078
1230045600708
1230045600078
1230040050678
1230040506708
1230045067008
1230040506078
1230045060708
1230045060078
1230040500678
1230045006708
1230045006078
1230045000678
1230004005678
1230004056708
1230004567008
1230004056078
1230004560708
1230004560078
1230004050678
1230004506708
1230004506078
1230004500678
1230000405678
1230000456708
1230000456078
1230000450678
1230000045678
1203400005678
1203400056708
1203400567008
1203405670008
1203456700008
1203400056078
1203400560708
1203405607008
1203456070008
1203400560078
1203405600708
1203456007008
1203405600078
1203456000708
1203456000078
1203400050678
1203400506708
1203405067008
1203450670008
1203400506078
1203405060708
1203450607008
1203405060078
1203450600708
1203450600078
1203400500678
1203405006708
1203450067008
1203405006078
1203450060708
1203450060078
1203405000678
1203450006708
1203450006078
1203450000678
1203040005678
1203040056708
1203040567008
1203045670008
1203040056078
1203040560708
1203045607008
1203040560078
1203045600708
1203045600078
1203040050678
1203040506708
1203045067008
1203040506078
1203045060708
1203045060078
1203040500678
1203045006708
1203045006078
1203045000678
1203004005678
1203004056708
1203004567008
1203004056078
1203004560708
1203004560078
1203004050678
1203004506708
1203004506078
1203004500678
1203000405678
1203000456708
1203000456078
1203000450678
1203000045678
1200340005678
1200340056708
1200340567008
1200345670008
1200340056078
1200340560708
1200345607008
1200340560078
1200345600708
1200345600078
1200340050678
1200340506708
1200345067008
1200340506078
1200345060708
1200345060078
1200340500678
1200345006708
1200345006078
1200345000678
1200304005678
1200304056708
1200304567008
1200304056078
1200304560708
1200304560078
1200304050678
1200304506708
1200304506078
1200304500678
1200300405678
1200300456708
1200300456078
1200300450678
1200300045678
1200034005678
1200034056708
1200034567008
1200034056078
1200034560708
1200034560078
1200034050678
1200034506708
1200034506078
1200034500678
1200030405678
1200030456708
1200030456078
1200030450678
1200030045678
1200003405678
1200003456708
1200003456078
1200003450678
1200003045678
1200000345678
1023400005678
1023400056708
1023400567008
1023405670008
1023456700008
1023400056078
1023400560708
1023405607008
1023456070008
1023400560078
1023405600708
1023456007008
1023405600078
1023456000708
1023456000078
1023400050678
1023400506708
1023405067008
1023450670008
1023400506078
1023405060708
1023450607008
1023405060078
1023450600708
1023450600078
1023400500678
1023405006708
1023450067008
1023405006078
1023450060708
1023450060078
1023405000678
1023450006708
1023450006078
1023450000678
1023040005678
1023040056708
1023040567008
1023045670008
1023040056078
1023040560708
1023045607008
1023040560078
1023045600708
1023045600078
1023040050678
1023040506708
1023045067008
1023040506078
1023045060708
1023045060078
1023040500678
1023045006708
1023045006078
1023045000678
1023004005678
1023004056708
1023004567008
1023004056078
1023004560708
1023004560078
1023004050678
1023004506708
1023004506078
1023004500678
1023000405678
1023000456708
1023000456078
1023000450678
1023000045678
1020340005678
1020340056708
1020340567008
1020345670008
1020340056078
1020340560708
1020345607008
1020340560078
1020345600708
1020345600078
1020340050678
1020340506708
1020345067008
1020340506078
1020345060708
1020345060078
1020340500678
1020345006708
1020345006078
1020345000678
1020304005678
1020304056708
1020304567008
1020304056078
1020304560708
1020304560078
1020304050678
1020304506708
1020304506078
1020304500678
1020300405678
1020300456708
1020300456078
1020300450678
1020300045678
1020034005678
1020034056708
1020034567008
1020034056078
1020034560708
1020034560078
1020034050678
1020034506708
1020034506078
1020034500678
1020030405678
1020030456708
1020030456078
1020030450678
1020030045678
1020003405678
1020003456708
1020003456078
1020003450678
1020003045678
1020000345678
1002340005678
1002340056708
1002340567008
1002345670008
1002340056078
1002340560708
1002345607008
1002340560078
1002345600708
1002345600078
1002340050678
1002340506708
1002345067008
1002340506078
1002345060708
1002345060078
1002340500678
1002345006708
1002345006078
1002345000678
1002304005678
1002304056708
1002304567008
1002304056078
1002304560708
1002304560078
1002304050678
1002304506708
1002304506078
1002304500678
1002300405678
1002300456708
1002300456078
1002300450678
1002300045678
1002034005678
1002034056708
1002034567008
1002034056078
1002034560708
1002034560078
1002034050678
1002034506708
1002034506078
1002034500678
1002030405678
1002030456708
1002030456078
1002030450678
1002030045678
1002003405678
1002003456708
1002003456078
1002003450678
1002003045678
1002000345678
1000234005678
1000234056708
1000234567008
1000234056078
1000234560708
1000234560078
1000234050678
1000234506708
1000234506078
1000234500678
1000230405678
1000230456708
1000230456078
1000230450678
1000230045678
1000203405678
1000203456708
1000203456078
1000203450678
1000203045678
1000200345678
1000023405678
1000023456708
1000023456078
1000023450678
1000023045678
1000020345678
1000002345678
